1765	170
1766	171
1767	172
1768	173
1769	174
1770	175
1771	176
1772	177
1773	178
1774	179
1775	180
1776	181
1777	185 
1778	186
1779	187
1791	200
1792	201
1793	202
1794	203
1795	204
1796	205
1797	206
1798	207
1799	208
1800	209
1801	210
1802	211
1803	212
1805	214
1806	215
1808	217
1809	218
1810	219
1811	220
1812	221
1813	222
1814	223
1815	224
1816	225
1817	226
1818	227
1819	228
1820	229
1821	230
1822	233
1827	239
1828	240
1829	241
1831	243
1832	244
1834	246
1836	248
1837	249
1838	250
1843	255
1844	256
1845	257
1846	258
1847	259
1848	260
1849	261
1850	262
1851	263
1852	264
1853	265
1854	266
1856	268
1858	271